Precision: 0.5601965601965602
Recall: 0.5428571428571428
F1: 0.5513905683192261
Accuracy: 0.5596439169139465
EOF